```
┌─────────┬────────┬────────┬────────┬────────┬────────┬────────┐
│ (index) │  626   │  900   │  902   │  903   │  908   │  909   │
├─────────┼────────┼────────┼────────┼────────┼────────┼────────┤
│   626   │   1    │ 0.9502 │ 0.8831 │ 0.8932 │ 0.8939 │ 0.9292 │
│   900   │ 0.9502 │   1    │ 0.8644 │ 0.8708 │ 0.8963 │ 0.9457 │
│   902   │ 0.8831 │ 0.8644 │   1    │ 0.9964 │ 0.9828 │ 0.8278 │
│   903   │ 0.8932 │ 0.8708 │ 0.9964 │   1    │ 0.9782 │ 0.8325 │
│   908   │ 0.8939 │ 0.8963 │ 0.9828 │ 0.9782 │   1    │ 0.871  │
│   909   │ 0.9292 │ 0.9457 │ 0.8278 │ 0.8325 │ 0.871  │   1    │
└─────────┴────────┴────────┴────────┴────────┴────────┴────────┘
```
